3 0.0875 0.34296875 0.175 0.3484375
3 0.2203125 0.32421875 0.09375 0.3859375
3 0.13359375 0.21953125 0.2671875 0.4390625
3 0.79140625 0.42734375 0.4140625 0.1796875
3 0.39375 0.30390625 0.25 0.2640625
3 0.8453125 0.1984375 0.30625 0.325
3 0.40546875 0.16015625 0.2734375 0.2234375
3 0.61015625 0.1875 0.1734375 0.375
3 0.83671875 0.07109375 0.3234375 0.1421875
3 0.42734375 0.06015625 0.3171875 0.1203125
3 0.1171875 0.67109375 0.234375 0.3046875
3 0.51171875 0.75859375 0.4859375 0.4796875
3 0.684375 0.7453125 0.6125 0.453125